2604.16027
2604.15923
2604.13902
2604.15151
2604.16044
2604.05716
2604.15453
2604.14663
2604.15950
2604.12012
2604.14816
2502.07408
2604.04936
2511.15915
2604.16299
2604.14568
2604.15715
2604.16029
2604.16254
2604.15411
2604.15804
2604.16272
2604.13074
2604.14265
2604.14914
2604.14430
2211.16780
2604.12966
2604.15231
2604.14572
2604.11707
2604.14629
2604.14531
2604.14062
2604.11661
2604.15284
2603.27844
2604.04514
2604.14125
2604.14164
2604.14228
2604.13618
2604.14922
2509.25843
2604.14967
2604.15311
2604.15308
2604.14683
2604.14268
2604.13226
2604.09860
2604.14518
2604.16503
2604.10571
2604.10261
2604.15760
2604.17596
2604.18396
2604.17318
2604.18267
2604.15579
2604.17849
2604.16830
2602.15143
2604.16498
2604.17273
2604.03337
2604.15710
2511.10262
2604.16576
2604.17091
2604.17609
2604.13313
2604.16038
2604.18168
2604.17886
2604.14258
2604.16902
2604.17308
2604.18394
2604.17388
2604.17454
2604.16893
2604.11102
2604.18574
2604.17406
2604.18131
2604.18224
2604.18543
2604.18584
2604.06505
2604.16943
2604.18292
2604.17972
2604.18564
2604.17338
2604.18486
2604.18203
2604.16593
2604.16826
2604.08537
2604.17696
2604.17698
2604.16642
2604.20087
2604.15664
2604.19321
2604.19642
2604.19741
2604.19440
2604.17435
2506.14665
2604.18240
2604.17078
2604.19254
2604.19406
2604.17982
2604.16913
2604.16060
2604.18518
2604.16054
2602.10751
2604.19747
2604.17761
2604.19587
2604.17397
2604.19295
2604.19667
2604.15706
2604.17632
2604.18845
2604.18164
2604.19636
2604.19211
2604.17472
2604.18591
2604.13346
2604.19550
2604.19742
2604.19748
2604.19341
2604.20200
2604.19835
2604.16680
2604.20720
2604.18780
2604.16659
2604.15093
2604.17073
2604.20329
2604.20841
2604.19572
2604.18932
2604.18805
2604.17568
2604.18982
2604.19720
2604.19945
2604.16529
2604.20733
2604.13602
2604.20570
2604.20817
2604.14932
2604.11610
2604.20796
2604.19859
2604.19902
2604.19926
2604.20246
2604.20779
2604.20156
2604.08645
2604.17492
2604.21915
2604.17295
2604.21668
2506.17001
2604.10268
2604.20398
2604.20244
2604.20987
2604.21193
2604.21300
2604.21889
2604.21904
2604.21375
2604.21689
2604.21686
2604.21921
2604.19734
2604.21931
2604.16926
2604.22748
2604.22119
2604.20857
2604.20012
2604.22085
2604.22554
2604.21718
2604.22294
2604.18580
2604.22586
2604.21518
2604.16353
2604.22152
2604.18519
2604.22436
2604.22565
2604.24625
2604.18756
2604.23446
2604.15574
2604.24040
2604.21681
2604.23600
2604.24170
2604.23772
2604.23644
2604.23604
2604.16391
2604.17565
2604.24597
2604.22880
2604.21106
2604.24583
2604.23210
2604.22841
2604.22842
2604.22446
2508.10180
2604.19548
2604.21480
2604.23775
2604.24762
2604.24300
2604.23781
2604.24479
2604.24763
2604.22782
2604.23099
2604.24003
2604.24764
2604.24198
2604.22875
2604.21003
2604.23380
2604.25032
2604.25719
2604.25806
2604.25256
2604.21481
2604.21523
2604.24005
2604.23941
2604.24441
2604.25203
2604.24842
2604.25819
2604.25636
2604.25164
2604.25427
2604.25727
2604.25914
2604.24819
2604.25917
2604.23758
2604.26116
2604.23426
2604.25135
2604.26091
2604.25441
2604.25476
2604.26067
2604.22868
2604.24927
2604.24977
2604.26186
2604.26752
2604.24351
2604.26951
2604.26779
2604.26694
2604.26904
2604.24954
2604.27151
2604.24953
2604.24952
2604.28157
2604.24902
2604.27766
2604.27251
2604.28139
2604.27085
2604.27039
2604.27505
2604.27711
2604.27083
2604.27419
2604.28130
2604.24658
2604.28169
2604.27578
2604.28158
2604.28190
2604.28185
2604.27351
2604.28181
2605.00809
2605.00347
2604.21984
2604.27818
2605.00553
2604.27124
2604.23774
2605.00273
2605.00414
2604.27221
2604.23586
2605.00323
2605.00691
2605.00777
2604.24026
2604.23195
2605.00416
2605.00754
2605.00658
2605.00781
2605.00503
2604.27776
2605.00925
2604.09408
2605.01214
2604.27582
2605.02291
2605.01711
2605.02028
2605.01428
2605.00632
2604.25154
2605.00814
2604.28075
2605.00529
2605.00932
2605.02881
2605.00877
2605.01725
2605.02222
2605.02730
2605.02661
2605.02178
2605.02240
2604.27660
2405.13729
2605.04453
2604.25907
2605.02913
2605.02134
2605.03042
2604.27488
2605.00891
2605.03073
2605.01371
2605.02904
2605.01717
2605.01284
2605.03571
2605.02801
2605.01466
2604.28123
2605.02396
2605.02943
2411.18966
2605.03941
2605.03596
2605.04036
2605.04012
2605.05662
2605.04916
2510.04142
2604.25788
2605.02910
2605.04637
2605.05166
2604.27393
2605.01234
2605.03314
2604.24575
2605.00380
2605.03848
2605.03395
2605.05185
2605.04461
2605.04569
2605.04128
2605.03849
2605.03269
2605.04018
2605.05163
2605.05204
2604.28196
2604.20441
2605.06663
2605.06627
2605.06642
2605.06477
2605.01640
2605.04604
2605.05242
2605.04045
2605.05758
2605.04330
2605.04956
2605.06535
2605.06216
2605.06652
2605.04523
2605.04077
2605.04451
2605.06222
2602.00095
2605.06643
2605.06376
2605.06200
2605.06356
2605.00623
2605.04962
2605.05566
2605.06416
2605.04647
2605.05922
2605.06665
2605.06548
2605.06614
2605.06130
2605.06651
2605.06638
2605.06507
2605.05724
2605.06196
2605.08678
2605.07210
2605.08767
2605.07039
2605.07394
2605.07396
2605.07075
2511.07328
2605.07079
2605.07924
2605.07940
2605.03408
2605.07896
2605.06241
2605.03353
2605.00933
2605.07850
2605.06455
2605.07447
2604.25325
2605.06169
2512.18181
2605.06734
2605.04808
2605.07755
2605.06105
2605.06380
2605.00425
2605.08043
2605.07243
2605.07748
2605.05136
2605.05781
2605.07177
2605.07825
2605.08063
2605.07915
2605.04615
2602.03473
2605.06628
2605.06597
2605.05838
2605.06747
2605.06221
2605.06716
2605.07510
2605.08029
2605.08078
2605.08044
2605.08083
2605.09169
2605.02364
2605.10889
2605.10762
2604.26326
2605.10032
2605.10488
2605.08384
2605.06788
2605.10848
2605.08513
2605.10664
2605.09877
2605.06741
2605.10938
2605.07630
2605.08423
2605.09548
2605.10468
2605.05886
2605.07287
2605.10344
2605.10453
2605.10903
2605.07721
2605.10921
2605.09163
2605.09015
2605.10933
2605.09271
2605.09708
2605.08985
2605.08738
2605.10334
2605.09630
2605.10341
2605.08715
2605.01402
2605.08520
2605.09820
2605.08735
2605.07465
2605.09423
2605.10730
2604.23789
2605.10923
2605.10813
2605.10434
2605.10913
2605.10537
2605.12997
2604.27695
2605.12978
2605.12501
2605.11136
2605.10376
2605.12498
2605.09252
2605.09296
2605.12466
2605.08504
2605.09936
2605.12484
2605.06546
2605.11436
2605.12419
2605.11400
2605.07153
2605.06658
2605.07654
2605.07579
2605.10267
2605.12460
2605.09539
2605.12492
2605.08299
2605.08626
2605.11711
2605.11696
2605.12438
2605.08646
2605.04702
2605.07545
2605.05630
2605.12070
2605.10108
2605.11882
2605.12090
2605.10832
2605.12013
2605.09266
2605.12477
2605.11354
2605.10977
2605.09932
2605.12481
2605.12495
2605.08734
2605.00080
2605.12426
2605.14352
2605.06607
2605.07865
2605.14306
2605.08557
2605.13647
2605.09806
2605.06206
2605.11378
2605.10867
2605.10315
2605.12733
2605.08583
2605.13841
2605.13292
2605.08978
2605.05806
2605.04651
2605.12556
2605.13030
2605.13542
2605.13481
2605.09591
2605.13757
2605.09433
2605.10616
2605.12004
2605.13087
2605.12995
2605.12411
2605.10268
2605.05704
2605.12587
2605.12975
2605.09942
2605.12825
2605.13779
2605.13511
2605.11680
2605.13565
2605.13775
2605.13831
2605.12684
2605.12925
2605.13037
2605.13050
2605.12964
2605.13724
2605.12770
2605.08737
2605.15193
2605.01018
2605.06554
2605.15012
2605.12243
2605.14984
2605.07637
2605.14607
2605.12034
2605.14438
2605.14454
2605.13852
2605.14445
2605.14068
2605.11458
2605.08703
2605.11459
2605.13169
2605.13027
2605.14876
2605.00180
2605.09681
2605.14323
2605.06527
2605.15141
2605.10912
2605.14712
2605.14906
2605.15055
2605.15167
2605.15178
2605.15186
2605.14386
2605.13880
2605.15128
2605.15040
2605.13941
2605.13301
2605.13834
2605.15182
2605.14389
2605.14392
2605.15155
2605.15185
2605.14354
2605.15198
2605.14892
2605.15188
2605.14269
2605.14051
2605.14271
2605.14212
2605.15597
2605.15298
2605.15181
2605.14539
2605.15726
2605.13527
2605.15320
2605.15980
2605.13997
2605.18749
2605.18106
2605.18727
2605.15035
2605.18719
2605.16819
2605.17933
2605.18747
2605.18678
2605.14278
2605.18101
2605.20164
2605.17659
2605.19633
2605.09640
2605.20150
2605.19014
2605.15458
2605.19995
2605.18748
2605.18855
2605.16003
2605.12623
2605.20849v1
2605.20618v1
2605.20387v1
2605.20074v1
2605.19975v1
2605.19760v1
2605.19721v1
2605.19671v1
2605.19593v1
2605.19461v1
2605.19396v1
2605.19119v1
2605.19113v1
2605.19101v1
2605.18692v1
2605.18475v1
2605.18454v1
2605.18393v1
2605.18374v1
2605.18005v1
2605.17982v2
2605.17608v1
2605.17539v2
2605.17326v1
2605.17137v1
2605.17058v1
2605.17036v1
2605.15983v1
2605.15765v1
2605.15486v1
2605.14840v1
2605.14773v1
2605.14741v1
2605.14662v1
2605.14624v2
2605.14596v1
2605.14559v1
2605.14430v1
2605.14416v1
2605.14374v1
2605.14141v1
2605.14019v1
2605.13673v1
2605.13638v1
2605.13221v1
2605.21850
2605.20179
2605.20119
2605.19833
2605.19330
2605.19484
2605.20315
2605.16787
2605.20834
2605.20613
2605.20873
2605.20630
2605.17602
2605.22681
2605.22138
2605.18607
2605.20244
2605.22355
2605.16928
2605.22144
2605.21467
2605.13734
2605.22074
2605.22344
2605.22642
